Articles (corpus_PADI43.csv)	Topic 0 : santé / maladie / vaccin / contre / enfant / covid / 19 / pays / cas / population	Topic 1 : Afrique / pandémie / rapport / économique / covid / 19 / subsaharien / africain / croissance / pauvreté	Topic 2 : pouvoir / bénin / devoir / vie / prendre / produit / béninois / charge / santé / population	Topic 3 : eau / qualité / ressource / développement / pouvoir / population / forum / durable / cadre / acteur	Topic 4 : production / tonne / producteur / agricole / année / riz / permettre / pouvoir / local / filière	Topic 5 : climatique / pouvoir / changement / protéger / monde / impact / écosystème / mondial / devoir / solution	Topic 6 : prix / Digital / cfa / banouto / mois / produit / hausse / vou / libre / souscrire	Topic 7 : pouvoir / pêche / étude / recherche / pays / chercheur / Dakar / utiliser / Sénégal / animal	Topic 8 : pays / pouvoir / économique / financier / dollar / économie / entreprise / secteur / devoir / afrique	Topic 9 : produit / marché / national / ministre / mettre / local / gouvernement / population / alimentaire / consommation	Topic 10 : prix / blé / alimentaire / Ukraine / mondial / guerre / pays / hausse / Russie / produit	Topic 11 : Afrique / africain / pays / banque / développement / financement / financier / continent / milliard / mondial	Topic 12 : social / développement / plan / ressource / protection / politique / économique / public / national / budgétaire	Topic 13 : énergie / énergétique / gaz / projet / politique / sénégal / huile / naturel / coût / grand	Topic 14 : alimentaire / agricole / ministre / pays / président / ménage / crise / projet / programme / rural	Topic 15 : eau / service / système / sanitaire / Bénin / bénin / formation / public / qualité / potable	Topic 16 : recette / développement / projet / milliard / fonds / cfa / franc / bénin / pays / million	Topic 17 : cas / pays / virus / pandémie / 19 / million / covid / mesure / maladie / coronavirus	Topic 18 : activité / étude / fiscal / rapport / pib / période / secteur / environnement / tendance / recette	Topic 19 : climatique / changement / émission / milliard / entreprise / impôt / taxe / niveau / système / pays
article 0	0.00052	0.00052	0.00052	0.00052	0.06027	0.02614	0.00052	0.00052	0.38043	0.48749	0.03785	0.00052	0.00052	0.00052	0.00052	0.00052	0.00052	0.00052	0.00052	0.00052
article 1	0.00029	0.00029	0.00029	0.00029	0.00029	0.00029	0.00029	0.08974	0.68718	0.17909	0.00029	0.00029	0.00029	0.00029	0.00029	0.00029	0.00029	0.00029	0.00029	0.03942
article 2	0.00089	0.00089	0.00089	0.00089	0.00089	0.00089	0.98304	0.00089	0.00089	0.00089	0.00089	0.00089	0.00089	0.00089	0.00089	0.00089	0.00089	0.00089	0.00089	0.00089
article 3	0.07587	0.06671	0.00036	0.00036	0.00036	0.00036	0.00036	0.00036	0.00036	0.00036	0.00036	0.39462	0.08836	0.064	0.25353	0.00036	0.00036	0.00036	0.00036	0.05215
article 4	0.00045	0.00045	0.00045	0.00045	0.38437	0.00045	0.46735	0.00045	0.00045	0.00045	0.00045	0.00045	0.00045	0.00045	0.00045	0.00045	0.00045	0.00045	0.14069	0.00045
article 5	0.19013	0.00036	0.00036	0.06354	0.06144	0.1665	0.00036	0.00036	0.00036	0.00036	0.04846	0.00036	0.00036	0.00036	0.00036	0.10363	0.36166	0.00036	0.00036	0.00036
article 6	0.00031	0.00031	0.00031	0.00031	0.00031	0.00031	0.00031	0.00031	0.00031	0.00031	0.00031	0.00031	0.99414	0.00031	0.00031	0.00031	0.00031	0.00031	0.00031	0.00031
article 7	0.00043	0.00043	0.00043	0.00043	0.06753	0.00043	0.01675	0.00043	0.00043	0.12158	0.78729	0.00043	0.00043	0.00043	0.00043	0.00043	0.00043	0.00043	0.00043	0.00043
article 8	0.00034	0.00034	0.62432	0.04789	0.00034	0.00034	0.00034	0.1445	0.00034	0.00034	0.00034	0.00034	0.00034	0.00034	0.00034	0.00034	0.00034	0.00034	0.00034	0.17778
article 9	0.10826	0.00052	0.00052	0.29564	0.20668	0.00052	0.00052	0.00052	0.00052	0.2872	0.00052	0.00052	0.0944	0.00052	0.00052	0.00052	0.00052	0.00052	0.00052	0.00052
article 10	0.00024	0.00024	0.35978	0.00024	0.2766	0.2304	0.00024	0.12941	0.00024	0.00024	0.00024	0.00024	0.00024	0.00024	0.00024	0.00024	0.00024	0.00024	0.00024	0.00024
article 11	0.66454	0.04214	0.00014	0.00014	0.00014	0.00014	0.10081	0.00014	0.00014	0.00014	0.00014	0.16069	0.02974	0.00014	0.00014	0.00014	0.00014	0.00014	0.00014	0.00014
article 12	0.00061	0.14283	0.00061	0.45005	0.00061	0.31959	0.00061	0.00061	0.00061	0.00061	0.07778	0.00061	0.00061	0.00061	0.00061	0.00061	0.00061	0.00061	0.00061	0.00061
article 13	0.00029	0.00029	0.11848	0.67368	0.00029	0.00029	0.00029	0.00029	0.14158	0.00029	0.00029	0.00029	0.06169	0.00029	0.00029	0.00029	0.00029	0.00029	0.00029	0.00029
article 14	0.00041	0.00041	0.00041	0.00041	0.00041	0.00041	0.28359	0.00041	0.00041	0.00041	0.00041	0.00041	0.00041	0.00041	0.00041	0.00041	0.00041	0.70903	0.00041	0.00041
article 15	0.00065	0.00065	0.11904	0.00065	0.00065	0.00065	0.00065	0.00065	0.15707	0.20903	0.00065	0.00065	0.00065	0.19736	0.00065	0.00065	0.30776	0.00065	0.00065	0.00065
article 16	0.43698	0.00023	0.44667	0.00023	0.00023	0.00023	0.00023	0.00023	0.00023	0.00023	0.00023	0.00023	0.00023	0.01267	0.00023	0.06949	0.00023	0.00023	0.03073	0.00023
article 17	0.00035	0.00035	0.00035	0.00035	0.00035	0.00035	0.37043	0.00035	0.00035	0.00035	0.00035	0.00035	0.00035	0.00035	0.00035	0.62323	0.00035	0.00035	0.00035	0.00035
article 18	0.00055	0.00055	0.00055	0.2489	0.21347	0.00055	0.00055	0.00055	0.00055	0.00055	0.00055	0.00055	0.00055	0.00055	0.31197	0.00055	0.21687	0.00055	0.00055	0.00055
article 19	0.00082	0.00082	0.00082	0.00082	0.00082	0.40131	0.00082	0.00082	0.23008	0.00082	0.00082	0.00082	0.35468	0.00082	0.00082	0.00082	0.00082	0.00082	0.00082	0.00082
article 20	0.00039	0.00039	0.00039	0.13804	0.08186	0.00039	0.00039	0.00039	0.2895	0.00039	0.00039	0.29799	0.00039	0.00039	0.18676	0.00039	0.00039	0.00039	0.00039	0.00039
article 21	0.74115	0.0005	0.01956	0.0005	0.0005	0.0005	0.23079	0.0005	0.0005	0.0005	0.0005	0.0005	0.0005	0.0005	0.0005	0.0005	0.0005	0.0005	0.0005	0.0005
article 22	0.00029	0.00029	0.16275	0.00029	0.00029	0.3402	0.02653	0.08357	0.00029	0.00029	0.00029	0.00029	0.00029	0.11678	0.00029	0.00029	0.00029	0.00029	0.26605	0.00029
article 23	0.05151	0.08592	0.00016	0.01817	0.00016	0.00016	0.00605	0.00016	0.00016	0.00016	0.14606	0.28203	0.09888	0.02407	0.24233	0.00016	0.00016	0.00016	0.00016	0.04342
article 24	0.00034	0.00034	0.00034	0.00034	0.06377	0.00034	0.00034	0.02809	0.00034	0.00034	0.00034	0.00034	0.00034	0.00034	0.5337	0.00034	0.36892	0.00034	0.00034	0.00034
article 25	0.08872	0.00022	0.00022	0.00022	0.00022	0.04683	0.00022	0.00022	0.1945	0.00022	0.48915	0.00022	0.00022	0.00022	0.10751	0.00022	0.00022	0.07015	0.00022	0.00022
article 26	0.00033	0.00033	0.00033	0.00033	0.00033	0.00033	0.2356	0.00033	0.00033	0.00033	0.63745	0.12139	0.00033	0.00033	0.00033	0.00033	0.00033	0.00033	0.00033	0.00033
article 27	0.01785	0.00023	0.00023	0.00023	0.32014	0.00023	0.00023	0.02475	0.00023	0.21801	0.07494	0.00023	0.00023	0.00023	0.1987	0.00023	0.00023	0.00023	0.14265	0.00023
article 28	0.41107	0.00023	0.00023	0.00023	0.00023	0.58486	0.00023	0.00023	0.00023	0.00023	0.00023	0.00023	0.00023	0.00023	0.00023	0.00023	0.00023	0.00023	0.00023	0.00023
article 29	0.00013	0.00013	0.12034	0.00013	0.00013	0.00013	0.00013	0.00013	0.03751	0.35394	0.48616	0.00013	0.00013	0.00013	0.00013	0.00013	0.00013	0.00013	0.00013	0.00013
article 30	0.00063	0.00063	0.00063	0.00063	0.00063	0.00063	0.00063	0.00063	0.00063	0.98812	0.00063	0.00063	0.00063	0.00063	0.00063	0.00063	0.00063	0.00063	0.00063	0.00063
article 31	0.00069	0.00069	0.00069	0.00069	0.00069	0.00069	0.00069	0.98681	0.00069	0.00069	0.00069	0.00069	0.00069	0.00069	0.00069	0.00069	0.00069	0.00069	0.00069	0.00069
article 32	0.00012	0.00012	0.00012	0.00012	0.00012	0.00012	0.00012	0.70754	0.00012	0.00012	0.00012	0.00012	0.00012	0.00012	0.00012	0.00012	0.00012	0.29031	0.00012	0.00012
article 33	0.16812	8e-05	8e-05	0.02259	8e-05	8e-05	8e-05	8e-05	0.76833	8e-05	8e-05	8e-05	8e-05	0.03975	8e-05	8e-05	8e-05	8e-05	8e-05	8e-05
article 34	0.00029	0.00029	0.00029	0.00029	0.41652	0.00029	0.27749	0.00029	0.00029	0.30113	0.00029	0.00029	0.00029	0.00029	0.00029	0.00029	0.00029	0.00029	0.00029	0.00029
article 35	0.0003	0.0003	0.0003	0.08434	0.0003	0.24888	0.0003	0.0003	0.0003	0.0003	0.0003	0.03211	0.0003	0.0003	0.0003	0.0003	0.0003	0.0003	0.56538	0.06476
article 36	0.00056	0.00056	0.00056	0.00056	0.57949	0.00056	0.00056	0.00056	0.00056	0.00056	0.00056	0.00056	0.00056	0.01304	0.00056	0.00056	0.39802	0.00056	0.00056	0.00056
article 37	0.36616	0.0003	0.0003	0.19516	0.0003	0.0003	0.1824	0.0003	0.17828	0.0003	0.0003	0.0003	0.0003	0.0003	0.0003	0.07349	0.0003	0.0003	0.0003	0.0003
article 38	0.00081	0.00081	0.00081	0.00081	0.00081	0.00081	0.00081	0.00081	0.00081	0.56705	0.25758	0.00081	0.00081	0.00081	0.00081	0.16166	0.00081	0.00081	0.00081	0.00081
article 39	0.11936	8e-05	0.73095	8e-05	8e-05	8e-05	0.07614	8e-05	8e-05	8e-05	8e-05	8e-05	8e-05	8e-05	8e-05	0.07227	8e-05	8e-05	8e-05	8e-05
article 40	0.00012	0.00012	0.08947	0.00012	0.00012	0.00012	0.06353	0.00012	0.10919	0.07677	0.65925	0.00012	0.00012	0.00012	0.00012	0.00012	0.00012	0.00012	0.00012	0.00012
article 41	0.00024	0.00024	0.05422	0.00024	0.17674	0.00024	0.00024	0.00024	0.28454	0.438	0.00024	0.00024	0.00024	0.00024	0.00024	0.00024	0.00024	0.0429	0.00024	0.00024
article 42	0.5344	0.10001	0.00026	0.00026	0.00026	0.00026	0.05603	0.00026	0.10814	0.00026	0.00026	0.00026	0.00026	0.00026	0.00026	0.00026	0.00026	0.00026	0.00026	0.19752
article 43	0.00029	0.12775	0.00029	0.02148	0.00029	0.00029	0.00029	0.00029	0.11264	0.19567	0.33708	0.10273	0.00029	0.00029	0.0989	0.00029	0.00029	0.00029	0.00029	0.00029
article 44	0.05198	0.24253	0.00016	0.00016	0.00016	0.00016	0.11895	0.00016	0.04312	0.00016	0.00016	0.00016	0.1666	0.00016	0.00016	0.29564	0.00016	0.07915	0.00016	0.00016
article 45	0.00011	0.00011	0.00011	0.00011	0.00011	0.00011	0.00011	0.00011	0.93778	0.00011	0.01844	0.00011	0.00011	0.00011	0.00011	0.00011	0.00011	0.00011	0.04194	0.00011
article 46	0.04526	0.09713	0.00068	0.00068	0.00068	0.00068	0.00068	0.00068	0.35543	0.00068	0.00068	0.00068	0.00068	0.00068	0.4359	0.00068	0.00068	0.05601	0.00068	0.00068
article 47	0.18444	0.00048	0.6239	0.00048	0.07346	0.00048	0.00048	0.00048	0.00048	0.00048	0.00048	0.00048	0.00048	0.00048	0.00048	0.00048	0.00048	0.1105	0.00048	0.00048
article 48	0.00056	0.00056	0.00056	0.00056	0.00056	0.00056	0.00056	0.00056	0.00056	0.59782	0.08316	0.00056	0.00056	0.00056	0.30947	0.00056	0.00056	0.00056	0.00056	0.00056
article 49	0.75218	0.17039	0.07392	0.00021	0.00021	0.00021	0.00021	0.00021	0.00021	0.00021	0.00021	0.00021	0.00021	0.00021	0.00021	0.00021	0.00021	0.00021	0.00021	0.00021
article 50	9e-05	9e-05	0.22279	9e-05	9e-05	0.20245	9e-05	9e-05	0.54285	9e-05	0.03047	9e-05	9e-05	9e-05	9e-05	9e-05	9e-05	9e-05	9e-05	9e-05
article 51	0.75289	0.00027	0.00027	0.00027	0.00027	0.00027	0.00027	0.05753	0.00027	0.031	0.00027	0.15418	0.00027	0.00027	0.00027	0.00027	0.00027	0.00027	0.00027	0.00027
article 52	0.00026	0.00026	0.00026	0.00026	0.00026	0.04151	0.00026	0.00026	0.47268	0.00026	0.00026	0.287	0.00026	0.00026	0.00026	0.19457	0.00026	0.00026	0.00026	0.00026
article 53	0.15202	9e-05	0.16147	9e-05	0.07467	0.13151	9e-05	9e-05	0.3967	9e-05	9e-05	9e-05	0.08237	9e-05	9e-05	9e-05	9e-05	9e-05	9e-05	9e-05
article 54	0.55561	0.00018	0.00018	0.00018	0.00018	0.00018	0.00018	0.00018	0.00018	0.00018	0.00018	0.17127	0.00018	0.00018	0.00018	0.00018	0.00018	0.23668	0.03355	0.00018
article 55	0.43293	0.00078	0.00078	0.15568	0.00078	0.00078	0.00078	0.39811	0.00078	0.00078	0.00078	0.00078	0.00078	0.00078	0.00078	0.00078	0.00078	0.00078	0.00078	0.00078
article 56	0.08326	0.00029	0.00029	0.00029	0.00029	0.00029	0.00029	0.12115	0.00029	0.05133	0.07147	0.52564	0.00029	0.00029	0.00029	0.14306	0.00029	0.00029	0.00029	0.00029
article 57	0.00048	0.06389	0.00048	0.00048	0.04578	0.00048	0.00048	0.00048	0.79845	0.00048	0.08418	0.00048	0.00048	0.00048	0.00048	0.00048	0.00048	0.00048	0.00048	0.00048
article 58	6e-05	6e-05	0.08156	6e-05	6e-05	6e-05	0.13118	6e-05	6e-05	6e-05	6e-05	6e-05	6e-05	6e-05	6e-05	0.78616	6e-05	6e-05	6e-05	6e-05
article 59	0.54763	0.00066	0.42192	0.00066	0.00066	0.00066	0.00066	0.00066	0.00066	0.00066	0.00066	0.00066	0.00066	0.01927	0.00066	0.00066	0.00066	0.00066	0.00066	0.00066
article 60	0.00026	0.00026	0.00026	0.04149	0.50761	0.00026	0.28202	0.00026	0.00026	0.00026	0.00026	0.00026	0.00026	0.00026	0.00026	0.00026	0.00026	0.00026	0.00026	0.16465
article 61	9e-05	9e-05	9e-05	9e-05	0.02038	9e-05	9e-05	9e-05	0.52208	9e-05	0.08616	0.01278	0.03849	9e-05	9e-05	9e-05	0.31879	9e-05	9e-05	9e-05
article 62	0.00038	0.00038	0.00038	0.00038	0.00038	0.69017	0.00038	0.00038	0.00038	0.00038	0.00038	0.00038	0.00038	0.00038	0.00038	0.00038	0.00038	0.00038	0.00038	0.30306
article 63	0.00018	0.00018	0.00018	0.00018	0.00018	0.02511	0.00018	0.00018	0.97158	0.00018	0.00018	0.00018	0.00018	0.00018	0.00018	0.00018	0.00018	0.00018	0.00018	0.00018
article 64	0.00078	0.00078	0.11756	0.00078	0.69425	0.00078	0.00078	0.00078	0.00078	0.00078	0.00078	0.00078	0.00078	0.00078	0.1749	0.00078	0.00078	0.00078	0.00078	0.00078
article 65	0.00036	0.00036	0.18957	0.00036	0.00036	0.00036	0.12925	0.00036	0.28417	0.14795	0.00036	0.00036	0.00036	0.00036	0.00036	0.00036	0.14461	0.00036	0.09946	0.00036
article 66	0.0003	0.0003	0.0003	0.0003	0.0003	0.0003	0.02756	0.0003	0.0003	0.1327	0.36075	0.0003	0.47417	0.0003	0.0003	0.0003	0.0003	0.0003	0.0003	0.0003
article 67	0.51371	0.00012	0.25052	0.00012	0.00012	0.18852	0.00012	0.00012	0.00012	0.00012	0.00012	0.00012	0.00012	0.00012	0.00012	0.04536	0.00012	0.00012	0.00012	0.00012
article 68	0.00026	0.00026	0.00026	0.11625	0.13738	0.00026	0.00026	0.34479	0.00026	0.06768	0.00026	0.02926	0.00026	0.00026	0.04944	0.25185	0.00026	0.00026	0.00026	0.00026
article 69	0.00036	0.00036	0.00036	0.00036	0.00036	0.00036	0.00036	0.34711	0.00036	0.39051	0.00036	0.00036	0.1444	0.00036	0.00036	0.00036	0.00036	0.00036	0.11214	0.00036
article 70	0.00047	0.00047	0.00047	0.00047	0.00047	0.00047	0.00047	0.00047	0.00047	0.00047	0.22921	0.00047	0.00047	0.00047	0.00047	0.00047	0.30863	0.00047	0.00047	0.45414
article 71	0.00018	0.07854	0.00018	0.63177	0.00018	0.00018	0.00018	0.00018	0.00018	0.00018	0.15267	0.00198	0.00018	0.00018	0.00018	0.00018	0.00018	0.00018	0.00018	0.13228
article 72	0.00068	0.06624	0.00068	0.00068	0.00068	0.16152	0.00068	0.00068	0.31814	0.00068	0.00068	0.00068	0.11067	0.3333	0.00068	0.00068	0.00068	0.00068	0.00068	0.00068
article 73	0.0002	0.15085	0.05824	0.0002	0.0002	0.0002	0.0002	0.03249	0.0002	0.0002	0.0002	0.0002	0.0002	0.0002	0.4777	0.0002	0.07862	0.13328	0.0002	0.06621
article 74	0.00036	0.00036	0.00036	0.00036	0.1888	0.00036	0.00036	0.15667	0.00036	0.18029	0.36579	0.00036	0.00036	0.00036	0.10298	0.00036	0.00036	0.00036	0.00036	0.00036
article 75	0.00091	0.00091	0.00091	0.00091	0.18704	0.00091	0.00091	0.00091	0.00091	0.00091	0.00091	0.04554	0.00091	0.00091	0.75197	0.00091	0.00091	0.00091	0.00091	0.00091
article 76	0.00039	0.00039	0.00039	0.68151	0.15627	0.00039	0.00039	0.00039	0.00039	0.15557	0.00039	0.00039	0.00039	0.00039	0.00039	0.00039	0.00039	0.00039	0.00039	0.00039
article 77	0.00026	0.00026	0.16657	0.00026	0.00026	0.00026	0.00026	0.00026	0.40304	0.13183	0.00026	0.00026	0.09544	0.00026	0.00026	0.05171	0.14773	0.00026	0.00026	0.00026
article 78	0.00035	0.00035	0.00035	0.00035	0.00035	0.00035	0.00035	0.00035	0.00035	0.00035	0.76384	0.22978	0.00035	0.00035	0.00035	0.00035	0.00035	0.00035	0.00035	0.00035
article 79	0.00037	0.00037	0.00037	0.05307	0.15062	0.14435	0.00037	0.00037	0.22923	0.00037	0.00037	0.00037	0.00037	0.00037	0.41712	0.00037	0.00037	0.00037	0.00037	0.00037
article 80	0.00033	0.00033	0.00033	0.00033	0.00033	0.00033	0.99379	0.00033	0.00033	0.00033	0.00033	0.00033	0.00033	0.00033	0.00033	0.00033	0.00033	0.00033	0.00033	0.00033
article 81	0.00014	0.00014	0.11268	0.00014	0.49204	0.00014	0.00014	0.00014	0.00014	0.00014	0.00014	0.00014	0.00014	0.00014	0.39283	0.00014	0.00014	0.00014	0.00014	0.00014
article 82	0.10509	0.00026	0.00026	0.04859	0.05587	0.16485	0.17571	0.00026	0.00026	0.00026	0.00026	0.00026	0.00026	0.00026	0.12211	0.32435	0.00026	0.00026	0.00026	0.00026
article 83	0.00086	0.00086	0.00086	0.00086	0.00086	0.00086	0.19083	0.00086	0.00086	0.79365	0.00086	0.00086	0.00086	0.00086	0.00086	0.00086	0.00086	0.00086	0.00086	0.00086
article 84	0.1312	0.50483	0.00028	0.00028	0.00028	0.00028	0.00028	0.00028	0.00028	0.00028	0.00028	0.11505	0.24442	0.00028	0.00028	0.00028	0.00028	0.00028	0.00028	0.00028
article 85	0.00078	0.00078	0.00078	0.00078	0.00078	0.00078	0.00078	0.00078	0.33226	0.20593	0.00078	0.30011	0.00078	0.00078	0.00078	0.11462	0.00078	0.03536	0.00078	0.00078
article 86	0.04872	6e-05	6e-05	0.04325	6e-05	0.0221	6e-05	6e-05	0.361	6e-05	6e-05	6e-05	6e-05	6e-05	0.49039	6e-05	0.03369	6e-05	6e-05	6e-05
article 87	0.00035	0.00035	0.00035	0.20006	0.00035	0.00035	0.00035	0.00035	0.30854	0.00035	0.00035	0.48542	0.00035	0.00035	0.00035	0.00035	0.00035	0.00035	0.00035	0.00035
article 88	0.12667	0.00023	0.00023	0.00023	0.00023	0.00023	0.00023	0.03171	0.00023	0.00023	0.00023	0.00023	0.69297	0.00023	0.00023	0.00023	0.14498	0.00023	0.00023	0.00023
article 89	0.00018	0.00018	0.43013	0.00018	0.01468	0.00018	0.00018	0.00018	0.12193	0.19389	0.19258	0.00018	0.00018	0.04427	0.00018	0.00018	0.00018	0.00018	0.00018	0.00018
article 90	0.00052	0.00052	0.46441	0.00052	0.00052	0.00052	0.00052	0.00052	0.00052	0.00052	0.00052	0.00052	0.22272	0.00052	0.00052	0.21889	0.08564	0.00052	0.00052	0.00052
article 91	0.22903	0.00051	0.00051	0.19492	0.00051	0.00051	0.00051	0.00051	0.00051	0.00051	0.00051	0.00051	0.00051	0.00051	0.56747	0.00051	0.00051	0.00051	0.00051	0.00051
article 92	0.00011	0.00011	0.16625	0.04425	0.04836	0.20105	0.00011	0.04007	0.23618	0.00011	0.00011	0.00011	0.00011	0.0459	0.00011	0.01926	0.19745	0.00011	0.00011	0.00011
article 93	0.00089	0.00089	0.00089	0.00089	0.00089	0.03776	0.00089	0.00089	0.00089	0.00089	0.00089	0.00089	0.00089	0.00089	0.00089	0.00089	0.00089	0.00089	0.94616	0.00089
article 94	0.22169	0.00045	0.12144	0.41254	0.00045	0.0551	0.00045	0.00045	0.00045	0.00045	0.00045	0.13384	0.00045	0.00045	0.00045	0.00045	0.00045	0.00045	0.04914	0.00045
article 95	0.00031	0.00031	0.00031	0.00031	0.00031	0.1983	0.00031	0.00031	0.62081	0.00031	0.00031	0.00031	0.00031	0.00031	0.00031	0.00031	0.00031	0.00031	0.00031	0.17567
article 96	0.00053	0.16073	0.00053	0.00053	0.00053	0.00053	0.00053	0.00053	0.00053	0.00053	0.56272	0.00053	0.00053	0.00053	0.20032	0.00053	0.00053	0.00053	0.00053	0.06772
article 97	0.0003	0.05169	0.0003	0.19133	0.0003	0.13935	0.0003	0.0003	0.3503	0.0003	0.0003	0.07498	0.0003	0.18811	0.0003	0.0003	0.0003	0.0003	0.0003	0.0003
article 98	0.00054	0.09504	0.10587	0.00054	0.27098	0.00054	0.00054	0.00054	0.00054	0.00054	0.2366	0.16707	0.00054	0.00054	0.00054	0.00054	0.00054	0.00054	0.00054	0.11684
article 99	0.00052	0.00052	0.00052	0.00052	0.00052	0.00052	0.00052	0.00052	0.9901	0.00052	0.00052	0.00052	0.00052	0.00052	0.00052	0.00052	0.00052	0.00052	0.00052	0.00052
article 100	0.0005	0.0005	0.0005	0.0005	0.06147	0.0005	0.0005	0.0005	0.29955	0.0005	0.34745	0.28352	0.0005	0.0005	0.0005	0.0005	0.0005	0.0005	0.0005	0.0005
article 101	0.68337	0.00034	0.00034	0.00034	0.00034	0.00034	0.00034	0.00034	0.00034	0.00034	0.00034	0.00034	0.20927	0.00034	0.10154	0.00034	0.00034	0.00034	0.00034	0.00034
article 102	0.00021	0.00021	0.90776	0.00021	0.00021	0.00021	0.08844	0.00021	0.00021	0.00021	0.00021	0.00021	0.00021	0.00021	0.00021	0.00021	0.00021	0.00021	0.00021	0.00021
article 103	0.00036	0.00036	0.00036	0.00036	0.00036	0.24547	0.00036	0.00036	0.21127	0.00036	0.00036	0.11163	0.00036	0.00036	0.14086	0.00036	0.00036	0.00036	0.00036	0.28534
article 104	0.17914	0.17352	0.0005	0.0005	0.0005	0.03906	0.0005	0.0005	0.0005	0.0005	0.60028	0.0005	0.0005	0.0005	0.0005	0.0005	0.0005	0.0005	0.0005	0.0005
article 105	0.00022	0.00022	0.00022	0.00022	0.00022	0.9958	0.00022	0.00022	0.00022	0.00022	0.00022	0.00022	0.00022	0.00022	0.00022	0.00022	0.00022	0.00022	0.00022	0.00022
article 106	0.00032	0.00032	0.00032	0.02742	0.15701	0.00032	0.00032	0.00032	0.13394	0.00032	0.00032	0.00032	0.00032	0.00032	0.43735	0.00032	0.23947	0.00032	0.00032	0.00032
article 107	0.0006	0.0006	0.72283	0.0006	0.0006	0.0006	0.0006	0.0006	0.0006	0.0006	0.0006	0.0006	0.0006	0.0006	0.0006	0.0006	0.0006	0.0006	0.26645	0.0006
article 108	0.26082	0.00037	0.00037	0.00037	0.00037	0.53673	0.00037	0.08503	0.00037	0.00037	0.00037	0.00037	0.00037	0.00037	0.00037	0.00037	0.00037	0.11146	0.00037	0.00037
article 109	0.61403	0.00081	0.00081	0.00081	0.00081	0.00081	0.00081	0.00081	0.00081	0.18775	0.00081	0.00081	0.1845	0.00081	0.00081	0.00081	0.00081	0.00081	0.00081	0.00081
article 110	0.0002	0.0002	0.0002	0.0002	0.0002	0.15956	0.0002	0.0002	0.48783	0.1067	0.0002	0.0002	0.12038	0.0002	0.0002	0.0002	0.0002	0.0002	0.0227	0.10006
article 111	0.00046	0.00046	0.00046	0.00046	0.00046	0.00046	0.00046	0.00046	0.00046	0.21173	0.00046	0.24342	0.00046	0.00046	0.21414	0.00046	0.00046	0.00046	0.00046	0.32337
article 112	0.27891	0.00032	0.00032	0.00032	0.03612	0.00032	0.00032	0.00032	0.09712	0.00032	0.00032	0.00032	0.00032	0.00032	0.58266	0.00032	0.00032	0.00032	0.00032	0.00032
article 113	0.00058	0.00058	0.00058	0.00058	0.00058	0.00058	0.00058	0.00058	0.00058	0.00058	0.00058	0.00058	0.12549	0.00058	0.86405	0.00058	0.00058	0.00058	0.00058	0.00058
article 114	0.16253	0.02429	0.00029	0.00029	0.00029	0.00029	0.00029	0.00029	0.00029	0.00029	0.00029	0.00029	0.00029	0.00029	0.07389	0.73462	0.00029	0.00029	0.00029	0.00029
article 115	0.00057	0.09391	0.00057	0.00057	0.00057	0.00057	0.00057	0.00057	0.00057	0.00057	0.02398	0.62644	0.00057	0.00057	0.24658	0.00057	0.00057	0.00057	0.00057	0.00057
article 116	0.00023	0.00023	0.00023	0.00023	0.05926	0.00023	0.00023	0.00023	0.62402	0.00023	0.00023	0.00023	0.29357	0.00023	0.00023	0.00023	0.01952	0.00023	0.00023	0.00023
article 117	0.00019	0.00019	0.00019	0.00019	0.07697	0.22503	0.00019	0.05709	0.12272	0.00019	0.00019	0.27912	0.00019	0.08635	0.00019	0.0728	0.00019	0.00019	0.00019	0.0776
article 118	0.00054	0.00054	0.00054	0.00054	0.00054	0.10437	0.00054	0.00054	0.00054	0.49271	0.00054	0.00054	0.00054	0.00054	0.00054	0.39369	0.00054	0.00054	0.00054	0.00054
article 119	0.00033	0.00033	0.2323	0.38744	0.00033	0.00033	0.00033	0.00033	0.00033	0.10964	0.00033	0.00033	0.05258	0.00033	0.00033	0.13102	0.08238	0.00033	0.00033	0.00033
article 120	8e-05	0.03669	8e-05	8e-05	8e-05	8e-05	8e-05	8e-05	8e-05	8e-05	8e-05	0.89477	0.06719	8e-05	8e-05	8e-05	8e-05	8e-05	8e-05	8e-05
article 121	0.1423	0.00054	0.32306	0.00054	0.00054	0.00054	0.42848	0.00054	0.00054	0.00054	0.00054	0.00054	0.00054	0.00054	0.00054	0.00054	0.09746	0.00054	0.00054	0.00054
article 122	0.00063	0.00063	0.00063	0.00063	0.00063	0.00063	0.00063	0.00063	0.00063	0.00063	0.26861	0.03262	0.00063	0.02119	0.66757	0.00063	0.00063	0.00063	0.00063	0.00063
article 123	0.00041	0.218	0.00041	0.47121	0.00041	0.04521	0.00041	0.00041	0.00041	0.00041	0.06336	0.19603	0.00041	0.00041	0.00041	0.00041	0.00041	0.00041	0.00041	0.00041
article 124	0.0006	0.04201	0.05786	0.10928	0.10319	0.50385	0.0006	0.0006	0.0006	0.17548	0.0006	0.0006	0.0006	0.0006	0.0006	0.0006	0.0006	0.0006	0.0006	0.0006
article 125	0.00026	0.00026	0.00026	0.00026	0.00026	0.15585	0.15836	0.00026	0.00026	0.00026	0.00026	0.00026	0.00026	0.46245	0.00026	0.21919	0.00026	0.00026	0.00026	0.00026
article 126	0.00065	0.00065	0.00065	0.00065	0.00065	0.00065	0.00065	0.00065	0.50645	0.00065	0.44447	0.00065	0.00065	0.03804	0.00065	0.00065	0.00065	0.00065	0.00065	0.00065
article 127	0.55271	0.00057	0.00057	0.00057	0.00057	0.00057	0.00057	0.00057	0.00057	0.06201	0.00057	0.00057	0.04796	0.00057	0.00057	0.26666	0.00057	0.00057	0.06214	0.00057
article 128	0.00025	0.00025	0.00025	0.02894	0.00025	0.00025	0.00025	0.00025	0.1761	0.00025	0.06276	0.00025	0.28676	0.00025	0.36596	0.00025	0.07593	0.00025	0.00025	0.00025
article 129	0.00017	0.00017	0.00017	0.00017	0.00017	0.00017	0.00017	0.89864	0.00017	0.00017	0.00017	0.09832	0.00017	0.00017	0.00017	0.00017	0.00017	0.00017	0.00017	0.00017
article 130	0.00028	0.00028	0.00028	0.00028	0.90718	0.00028	0.00028	0.00028	0.00028	0.00028	0.08777	0.00028	0.00028	0.00028	0.00028	0.00028	0.00028	0.00028	0.00028	0.00028
article 131	0.00075	0.00075	0.00075	0.00075	0.00075	0.00075	0.32699	0.00075	0.10738	0.41451	0.13918	0.00075	0.00075	0.00075	0.00075	0.00075	0.00075	0.00075	0.00075	0.00075
article 132	0.00014	0.00014	0.00014	0.94363	0.00014	0.00014	0.00014	0.00014	0.00014	0.00014	0.00014	0.05381	0.00014	0.00014	0.00014	0.00014	0.00014	0.00014	0.00014	0.00014
article 133	0.07974	0.00061	0.6646	0.00061	0.00061	0.00061	0.07186	0.05733	0.00061	0.00061	0.00061	0.00061	0.11732	0.00061	0.00061	0.00061	0.00061	0.00061	0.00061	0.00061
article 134	0.00057	0.00057	0.08767	0.21214	0.16097	0.41466	0.03255	0.08406	0.00057	0.00057	0.00057	0.00057	0.00057	0.00057	0.00057	0.00057	0.00057	0.00057	0.00057	0.00057
article 135	0.00088	0.00088	0.14037	0.00088	0.00088	0.00088	0.00088	0.00088	0.00088	0.00088	0.1991	0.00088	0.00088	0.00088	0.64561	0.00088	0.00088	0.00088	0.00088	0.00088
article 136	0.3115	0.00076	0.00076	0.00076	0.00076	0.00076	0.00076	0.00076	0.00076	0.00076	0.00076	0.00076	0.00076	0.00076	0.00076	0.00076	0.00076	0.67486	0.00076	0.00076
article 137	0.00038	0.00038	0.00038	0.00038	0.00038	0.00038	0.00038	0.00038	0.00038	0.00038	0.00038	0.00038	0.00038	0.00038	0.00038	0.00038	0.00038	0.99286	0.00038	0.00038
article 138	0.00026	0.00026	0.11971	0.00026	0.11397	0.00026	0.00026	0.00026	0.21809	0.00026	0.00026	0.00026	0.25014	0.00026	0.00026	0.07234	0.22218	0.00026	0.00026	0.00026
article 139	0.08193	0.03517	0.0001	0.0001	0.1982	0.0001	0.0001	0.0001	0.39522	0.0001	0.10859	0.0014	0.0001	0.0001	0.0001	0.0001	0.17816	0.0001	0.0001	0.0001
article 140	0.09943	8e-05	8e-05	8e-05	0.01997	0.03741	8e-05	8e-05	0.50287	8e-05	8e-05	8e-05	8e-05	8e-05	0.14852	8e-05	0.19071	8e-05	8e-05	8e-05
article 141	0.00043	0.00043	0.05648	0.00043	0.00043	0.00043	0.70488	0.11071	0.00043	0.00043	0.00043	0.00043	0.00043	0.00043	0.00043	0.00043	0.00043	0.00043	0.00043	0.12098
article 142	0.00041	0.51175	0.00041	0.00041	0.08633	0.03469	0.00041	0.00041	0.00041	0.00041	0.00041	0.16118	0.00041	0.10466	0.00041	0.00041	0.00041	0.00041	0.09566	0.00041
article 143	0.99371	0.00033	0.00033	0.00033	0.00033	0.00033	0.00033	0.00033	0.00033	0.00033	0.00033	0.00033	0.00033	0.00033	0.00033	0.00033	0.00033	0.00033	0.00033	0.00033
article 144	0.0817	0.00026	0.00026	0.00026	0.20265	0.00026	0.45908	0.00026	0.10848	0.00026	0.14421	0.00026	0.00026	0.00026	0.00026	0.00026	0.00026	0.00026	0.00026	0.00026
article 145	0.00017	0.00017	0.00017	0.00017	0.00017	0.00017	0.00017	0.00017	0.00017	0.00017	0.00017	0.00017	0.00017	0.00017	0.00017	0.00017	0.00017	0.00017	0.9904	0.0065
article 146	0.40456	0.00013	0.33089	0.0206	0.00013	0.00013	0.00013	0.00013	0.00013	0.00013	0.00013	0.00013	0.17788	0.00013	0.00013	0.06411	0.00013	0.00013	0.00013	0.00013
article 147	0.29059	0.00089	0.00089	0.00089	0.00089	0.00089	0.00089	0.00089	0.00089	0.23552	0.00089	0.00089	0.00089	0.00089	0.00089	0.00089	0.00089	0.00089	0.45871	0.00089
article 148	0.64463	0.0003	0.01537	0.0003	0.0003	0.0003	0.26376	0.0003	0.0003	0.0003	0.0003	0.0003	0.0003	0.0003	0.0003	0.0003	0.0003	0.07148	0.0003	0.0003
article 149	0.00088	0.00088	0.87271	0.00088	0.00088	0.00088	0.00088	0.00088	0.00088	0.00088	0.1115	0.00088	0.00088	0.00088	0.00088	0.00088	0.00088	0.00088	0.00088	0.00088
article 150	0.00089	0.00089	0.09479	0.00089	0.00089	0.58622	0.00089	0.00089	0.15947	0.00089	0.00089	0.00089	0.00089	0.00089	0.14523	0.00089	0.00089	0.00089	0.00089	0.00089
article 151	0.71525	0.00045	0.00045	0.00045	0.00045	0.00045	0.00045	0.00045	0.00045	0.00045	0.00045	0.27664	0.00045	0.00045	0.00045	0.00045	0.00045	0.00045	0.00045	0.00045
article 152	0.0006	0.0006	0.21046	0.0006	0.0006	0.18194	0.41351	0.18457	0.0006	0.0006	0.0006	0.0006	0.0006	0.0006	0.0006	0.0006	0.0006	0.0006	0.0006	0.0006
article 153	0.0007	0.0007	0.0007	0.0007	0.0007	0.0007	0.0007	0.0007	0.0007	0.0007	0.0007	0.0007	0.0007	0.0007	0.0007	0.0007	0.0007	0.0007	0.0007	0.98662
article 154	0.00039	0.00039	0.00039	0.04284	0.00039	0.00039	0.00039	0.00039	0.15316	0.00039	0.22718	0.00039	0.00039	0.07201	0.2086	0.00039	0.29078	0.00039	0.00039	0.00039
article 155	0.00011	0.00011	0.00011	0.00011	0.10111	0.00011	0.00011	0.00011	0.59547	0.11811	0.00011	0.13435	0.00011	0.00011	0.00011	0.00011	0.00011	0.00011	0.00011	0.04936
article 156	8e-05	0.01364	8e-05	8e-05	8e-05	8e-05	8e-05	8e-05	0.96915	8e-05	8e-05	8e-05	8e-05	8e-05	8e-05	8e-05	8e-05	8e-05	8e-05	0.01578
article 157	0.00037	0.00037	0.00037	0.00037	0.14727	0.00037	0.00037	0.00037	0.00037	0.84606	0.00037	0.00037	0.00037	0.00037	0.00037	0.00037	0.00037	0.00037	0.00037	0.00037
article 158	9e-05	9e-05	9e-05	0.02338	0.27051	9e-05	9e-05	9e-05	0.56366	9e-05	9e-05	9e-05	9e-05	9e-05	9e-05	9e-05	0.14097	9e-05	9e-05	9e-05
article 159	0.0006	0.0006	0.0006	0.0006	0.0006	0.0006	0.0006	0.0006	0.0006	0.0006	0.0006	0.0006	0.98869	0.0006	0.0006	0.0006	0.0006	0.0006	0.0006	0.0006
article 160	0.00059	0.00059	0.00059	0.13387	0.00059	0.11099	0.00059	0.26266	0.33182	0.00059	0.00059	0.00059	0.00059	0.00059	0.00059	0.15183	0.00059	0.00059	0.00059	0.00059
article 161	0.07817	0.2136	0.0002	0.05643	0.0002	0.0002	0.0002	0.0002	0.07221	0.0002	0.08422	0.0002	0.37684	0.02925	0.08688	0.0002	0.0002	0.0002	0.0002	0.0002
article 162	0.00039	0.00039	0.21995	0.40487	0.00039	0.00039	0.00039	0.00039	0.26273	0.10626	0.00039	0.00039	0.00039	0.00039	0.00039	0.00039	0.00039	0.00039	0.00039	0.00039
article 163	0.172	0.1118	0.0002	0.0002	0.0002	0.0002	0.0002	0.0002	0.0002	0.0002	0.0002	0.70403	0.0002	0.0002	0.00904	0.0002	0.0002	0.0002	0.0002	0.0002
article 164	0.00018	0.00018	0.00018	0.00018	0.00018	0.00018	0.00018	0.00018	0.00018	0.31914	0.00018	0.00018	0.10454	0.00018	0.53115	0.00018	0.00018	0.00018	0.0423	0.00018
article 165	0.09664	0.0005	0.0005	0.0005	0.0005	0.0005	0.0005	0.11124	0.0005	0.0005	0.0005	0.0005	0.67036	0.0005	0.0005	0.11383	0.0005	0.0005	0.0005	0.0005
article 166	0.00027	0.00027	0.00027	0.08677	0.00027	0.00027	0.00027	0.00027	0.00027	0.00027	0.00027	0.00027	0.08734	0.00027	0.00027	0.05708	0.12345	0.00027	0.00027	0.64135
article 167	0.47084	0.00029	0.00029	0.00029	0.00029	0.00029	0.00029	0.1686	0.00029	0.00029	0.00029	0.00029	0.00029	0.00029	0.00029	0.00029	0.00029	0.35559	0.00029	0.00029
article 168	0.64277	0.00028	0.12362	0.00028	0.00028	0.00028	0.17265	0.00028	0.00028	0.00028	0.00028	0.02743	0.00028	0.02932	0.00028	0.00028	0.00028	0.00028	0.00028	0.00028
article 169	0.00041	0.00041	0.00041	0.00041	0.00041	0.00041	0.42681	0.00041	0.00041	0.00041	0.00041	0.56581	0.00041	0.00041	0.00041	0.00041	0.00041	0.00041	0.00041	0.00041
article 170	0.00023	0.00023	0.05268	0.00023	0.63271	0.17753	0.00023	0.00023	0.00023	0.00023	0.00023	0.00023	0.00023	0.0052	0.00023	0.07697	0.00023	0.05176	0.00023	0.00023
article 171	0.00072	0.00072	0.00072	0.11406	0.04909	0.00072	0.00072	0.00072	0.00072	0.00072	0.82453	0.00072	0.00072	0.00072	0.00072	0.00072	0.00072	0.00072	0.00072	0.00072
article 172	0.00076	0.00076	0.00076	0.00076	0.29014	0.00076	0.00076	0.00076	0.13037	0.00076	0.00076	0.19306	0.00076	0.00076	0.37431	0.00076	0.00076	0.00076	0.00076	0.00076
article 173	0.00038	0.22169	0.27502	0.00038	0.00038	0.00038	0.46583	0.00038	0.00038	0.03135	0.00038	0.00038	0.00038	0.00038	0.00038	0.00038	0.00038	0.00038	0.00038	0.00038
article 174	0.00071	0.00071	0.00071	0.00071	0.49617	0.00071	0.07857	0.00071	0.17101	0.00071	0.00071	0.00071	0.00071	0.00071	0.00071	0.00071	0.14157	0.10197	0.00071	0.00071
article 175	0.00017	0.00017	0.15953	0.00017	0.05846	0.00017	0.00017	0.03705	0.61825	0.12408	0.00017	0.00017	0.00017	0.00017	0.00017	0.00017	0.00017	0.00017	0.00017	0.00017
article 176	0.00012	0.08191	0.00012	0.00012	0.04342	0.12616	0.00012	0.00012	0.00012	0.05315	0.00012	0.17674	0.17819	0.00012	0.2506	0.00012	0.00012	0.00012	0.00012	0.0884
article 177	0.00029	0.00029	0.00029	0.00029	0.00029	0.00029	0.17168	0.00029	0.00029	0.00029	0.00029	0.00029	0.11018	0.00029	0.03854	0.00029	0.67501	0.00029	0.00029	0.00029
article 178	0.00035	0.00035	0.17329	0.10555	0.00035	0.00035	0.00035	0.00035	0.28248	0.33664	0.00035	0.00035	0.00035	0.00035	0.00035	0.00035	0.0968	0.00035	0.00035	0.00035
article 179	0.00015	0.00015	0.00015	0.00015	0.08197	0.00015	0.00015	0.00015	0.00015	0.71621	0.05067	0.00015	0.00015	0.00015	0.00015	0.04333	0.10554	0.00015	0.00015	0.00015
article 180	0.00035	0.00035	0.00035	0.00035	0.52777	0.00035	0.00035	0.00035	0.21378	0.03926	0.00035	0.00035	0.00035	0.00035	0.21359	0.00035	0.00035	0.00035	0.00035	0.00035
article 181	0.00012	0.00012	0.3933	0.00012	0.00012	0.00012	0.00012	0.00012	0.4858	0.00012	0.00012	0.00012	0.05512	0.00012	0.00012	0.00012	0.0639	0.00012	0.00012	0.00012
article 182	0.0007	0.0007	0.0007	0.0007	0.0007	0.0007	0.0007	0.0007	0.0007	0.0007	0.45617	0.0007	0.0007	0.0007	0.53115	0.0007	0.0007	0.0007	0.0007	0.0007
article 183	0.09237	0.00052	0.00052	0.00052	0.00052	0.02587	0.40683	0.00052	0.00052	0.00052	0.00052	0.00052	0.00052	0.00052	0.00052	0.00052	0.00052	0.46659	0.00052	0.00052
article 184	0.33224	0.00045	0.00045	0.14259	0.00045	0.00045	0.00045	0.06916	0.00045	0.44874	0.00045	0.00045	0.00045	0.00045	0.00045	0.00045	0.00045	0.00045	0.00045	0.00045
article 185	0.00034	0.00034	0.00034	0.00034	0.06857	0.00034	0.28826	0.00034	0.30913	0.00034	0.22986	0.00034	0.00034	0.00034	0.00034	0.00034	0.00034	0.00034	0.09915	0.00034
article 186	0.00039	0.00039	0.00039	0.14415	0.00039	0.3772	0.00039	0.00039	0.00039	0.31387	0.00039	0.08961	0.00039	0.00039	0.06931	0.00039	0.00039	0.00039	0.00039	0.00039
article 187	0.00028	0.00028	0.00028	0.00028	0.23374	0.76117	0.00028	0.00028	0.00028	0.00028	0.00028	0.00028	0.00028	0.00028	0.00028	0.00028	0.00028	0.00028	0.00028	0.00028
article 188	9e-05	9e-05	9e-05	9e-05	0.09765	9e-05	9e-05	9e-05	0.62532	9e-05	0.11158	9e-05	9e-05	9e-05	9e-05	9e-05	0.10822	0.05585	9e-05	9e-05
article 189	0.38758	0.0004	0.20631	0.0004	0.0004	0.0004	0.0004	0.08664	0.0004	0.05249	0.0004	0.0004	0.0004	0.0004	0.0004	0.0004	0.0004	0.26102	0.0004	0.0004
article 190	0.0006	0.30281	0.0006	0.0006	0.0006	0.0006	0.0006	0.0006	0.0006	0.0006	0.19168	0.0006	0.0006	0.0006	0.49539	0.0006	0.0006	0.0006	0.0006	0.0006
article 191	0.00028	0.00028	0.15185	0.00028	0.0005	0.21333	0.00028	0.00028	0.00028	0.62991	0.00028	0.00028	0.00028	0.00028	0.00028	0.00028	0.00028	0.00028	0.00028	0.00028
article 192	0.00018	0.04979	0.00018	0.00018	0.00018	0.04451	0.00018	0.00018	0.00018	0.00018	0.3272	0.00018	0.00018	0.00018	0.57557	0.00018	0.00018	0.00018	0.00018	0.00018
article 193	0.38215	0.00019	0.00019	0.00019	0.00019	0.00019	0.00019	0.00019	0.00019	0.00019	0.00019	0.00019	0.00019	0.00019	0.00019	0.61445	0.00019	0.00019	0.00019	0.00019
article 194	0.00043	0.00043	0.00043	0.00043	0.25706	0.00043	0.00043	0.00043	0.00043	0.00043	0.11498	0.00043	0.00043	0.00043	0.00043	0.00043	0.41376	0.00043	0.20723	0.00043
article 195	0.00068	0.00068	0.00068	0.50419	0.00068	0.00068	0.48348	0.00068	0.00068	0.00068	0.00068	0.00068	0.00068	0.00068	0.00068	0.00068	0.00068	0.00068	0.00068	0.00068
article 196	0.00017	0.00017	0.00017	0.00017	0.06209	0.00017	0.00017	0.00017	0.00017	0.00017	0.00017	0.54352	0.00017	0.00017	0.17947	0.00017	0.00017	0.00017	0.00017	0.21222
article 197	7e-05	7e-05	0.45505	7e-05	0.13191	7e-05	7e-05	7e-05	0.34868	7e-05	7e-05	0.01919	0.02495	7e-05	7e-05	7e-05	0.01927	7e-05	7e-05	7e-05
article 198	9e-05	9e-05	0.3022	0.04447	0.05626	0.0443	9e-05	9e-05	0.55137	9e-05	9e-05	9e-05	9e-05	9e-05	9e-05	9e-05	9e-05	9e-05	9e-05	9e-05
article 199	0.00044	0.00044	0.00044	0.00044	0.00044	0.00044	0.00044	0.00044	0.00044	0.00044	0.00044	0.00044	0.00044	0.00044	0.00044	0.00044	0.00044	0.99159	0.00044	0.00044
article 200	0.0002	0.0002	0.0002	0.0002	0.0002	0.0002	0.0002	0.0002	0.19302	0.0002	0.03721	0.14074	0.24662	0.0002	0.0002	0.16476	0.0002	0.08113	0.0002	0.13392
article 201	0.00051	0.00051	0.00051	0.00051	0.00051	0.00051	0.00051	0.00051	0.00051	0.00051	0.68556	0.00051	0.02449	0.00051	0.28128	0.00051	0.00051	0.00051	0.00051	0.00051
article 202	0.0004	0.0004	0.0004	0.0004	0.06764	0.0004	0.0004	0.0004	0.0004	0.11345	0.0004	0.22097	0.0004	0.07496	0.0004	0.23488	0.2202	0.0004	0.0004	0.06272
article 203	0.00039	0.00039	0.00039	0.00039	0.00039	0.00039	0.00039	0.00039	0.52928	0.00039	0.00039	0.00039	0.42499	0.00039	0.00039	0.00039	0.00039	0.00039	0.03909	0.00039
article 204	0.00025	0.0781	0.00025	0.00025	0.00025	0.00025	0.00025	0.00025	0.18815	0.37802	0.00025	0.00025	0.12345	0.00025	0.00025	0.00025	0.22854	0.00025	0.00025	0.00025
article 205	0.00044	0.00044	0.00044	0.00044	0.00044	0.00044	0.00044	0.00044	0.00044	0.35219	0.2309	0.00044	0.00044	0.00044	0.00044	0.00044	0.00044	0.00044	0.4094	0.00044
article 206	0.03238	0.00015	0.00015	0.00015	0.00015	0.00015	0.00015	0.09911	0.31923	0.00015	0.00015	0.36205	0.00015	0.00015	0.00015	0.00015	0.13257	0.00015	0.05262	0.00015
article 207	0.00032	0.00032	0.00032	0.00032	0.00032	0.00157	0.00032	0.00032	0.00032	0.00032	0.00032	0.00032	0.00032	0.00032	0.00032	0.9927	0.00032	0.00032	0.00032	0.00032
article 208	0.04149	0.00014	0.41832	0.00014	0.00014	0.15962	0.00014	0.00014	0.18888	0.11305	0.00014	0.00014	0.02881	0.00014	0.00014	0.03339	0.00014	0.01477	0.00014	0.00014
article 209	0.0002	0.0002	0.0002	0.0002	0.0002	0.0002	0.0002	0.05115	0.47581	0.0002	0.35417	0.0002	0.0002	0.05686	0.05894	0.0002	0.0002	0.0002	0.0002	0.0002
article 210	0.00017	0.00017	0.00017	0.00017	0.00017	0.00017	0.00017	0.00017	0.00017	0.00017	0.00017	0.35936	0.00017	0.00017	0.00017	0.00017	0.63756	0.00017	0.00017	0.00017
article 211	0.98623	0.00072	0.00072	0.00072	0.00072	0.00072	0.00072	0.00072	0.00072	0.00072	0.00072	0.00072	0.00072	0.00072	0.00072	0.00072	0.00072	0.00072	0.00072	0.00072
article 212	0.0005	0.0005	0.0005	0.27699	0.0005	0.0005	0.0005	0.0005	0.31521	0.1524	0.0005	0.10903	0.0005	0.0005	0.0005	0.10172	0.0005	0.0005	0.03765	0.0005
article 213	0.00016	0.00016	0.00016	0.00016	0.00016	0.00016	0.00016	0.00016	0.00016	0.00016	0.00016	0.00016	0.25392	0.00016	0.00016	0.56732	0.00016	0.00016	0.17598	0.00016
article 214	0.00036	0.00036	0.00036	0.00036	0.00036	0.00036	0.00036	0.00036	0.46776	0.00036	0.00036	0.52572	0.00036	0.00036	0.00036	0.00036	0.00036	0.00036	0.00036	0.00036
article 215	0.00027	0.00027	0.00027	0.00027	0.00027	0.00027	0.00027	0.06859	0.00027	0.00027	0.00027	0.00027	0.00027	0.00027	0.00027	0.00027	0.00027	0.00027	0.00027	0.92646
article 216	0.00012	0.00012	0.00012	0.31239	0.00012	0.08722	0.00012	0.20245	0.00012	0.24118	0.00012	0.00012	0.00012	0.00012	0.00012	0.00012	0.00012	0.00012	0.15494	0.00012
article 217	0.42491	0.00037	0.00037	0.00037	0.00037	0.00037	0.00037	0.00037	0.00037	0.00037	0.00037	0.00037	0.00037	0.00037	0.00037	0.00037	0.56837	0.00037	0.00037	0.00037
article 218	0.49309	0.00042	0.00042	0.00042	0.00042	0.00042	0.00042	0.07592	0.00042	0.00042	0.00042	0.00042	0.34928	0.00042	0.00042	0.00042	0.00042	0.00042	0.00042	0.07493
article 219	0.00017	0.00017	0.00017	0.11651	0.00017	0.00017	0.00017	0.3865	0.00017	0.49412	0.00017	0.00017	0.00017	0.00017	0.00017	0.00017	0.00017	0.00017	0.00017	0.00017
article 220	0.0007	0.0007	0.0007	0.0007	0.20429	0.0007	0.0007	0.3238	0.0007	0.0007	0.27659	0.0007	0.0007	0.0007	0.0007	0.0007	0.18406	0.0007	0.0007	0.0007
article 221	0.00029	0.00029	0.00029	0.00029	0.00029	0.00029	0.00029	0.00029	0.05453	0.00029	0.73188	0.00029	0.10603	0.00029	0.00029	0.00029	0.00029	0.00029	0.10287	0.00029
article 222	0.87677	0.00042	0.00042	0.00042	0.00042	0.00042	0.00042	0.00042	0.00042	0.00042	0.00042	0.00042	0.07593	0.00042	0.00042	0.00042	0.00042	0.00042	0.0401	0.00042
article 223	0.00025	0.00025	0.10126	0.00025	0.00025	0.00025	0.00025	0.00025	0.51567	0.00025	0.00025	0.17986	0.00025	0.00025	0.00025	0.14574	0.00025	0.00025	0.05378	0.00025
